3.3 0 0 0 0
63.3 0 0 0 0
123.3 0 0 0 0
183.3 0 0 0 0
243.3 0 14000 4707 0
303.3 0 29000 22000 0
363.3 0 45000 35000 0
423.3 0 60000 104000 0
483.3 0 76000 180000 0
543.3 0 92000 323000 0
603.3 0 106000 543000 0
663.3 0 137000 656000 0
723.3 0 153000 845000 0
783.3 0 169000 986000 0
843.3 0 184000 1138000 0
903.3 0 199000 1246000 0
963.3 0 215000 1360000 77000
1023.3 0 231000 1482000 139000
1083.3 0 247000 1599000 211000
1143.3 0 262000 1689000 406000
1203.3 0 278000 1814000 626000
1263.3 0 293000 1905000 847000
1323.3 0 309000 2016000 1111000
1383.3 0 325000 2118000 1398000
1443.3 0 340000 2230000 1742000
1503.3 0 356000 2331000 1997000
1563.3 0 356000 2453000 2295000
1623.3 0 371000 2563000 2555000
1683.3 0 386000 2676000 2748000
1743.3 0 403000 2806000 2920000
1803.3 0 418000 2926000 3149000
1863.3 0 434000 3031000 3436000
1923.3 0 450000 3142000 3712000
1983.3 0 466000 3252000 4056000
2043.3 0 482000 3365000 4337000
2103.3 0 497000 3468000 4618000
2163.3 0 512000 3575000 4905000
2223.3 0 528000 3665000 5206000
2283.3 0 528000 3782000 5494000
2343.3 0 543000 3896000 5772000
2403.3 0 559000 4012000 5942000
2463.3 0 575000 4138000 6108000
2523.3 0 591000 4262000 6395000
2583.3 0 607000 4351000 6673000
2643.3 0 623000 4462000 6942000
2703.3 0 639000 4542000 7256000
2763.3 0 655000 4653000 7542000
2823.3 0 655000 4775000 7771000
2883.3 0 669000 4888000 8058000
2943.3 0 685000 5005000 8173000
3003.3 0 701000 5120000 8459000