3.3 0.491
63.3 0.491
123.3 0.730
183.3 0.968
243.3 1.207
303.3 1.446
363.3 1.923
423.3 2.400
483.3 3.116
543.3 3.593
603.3 4.309
663.3 4.786
723.3 5.502
783.3 5.979
843.3 6.457
903.3 6.934
963.3 7.411
1023.3 7.888
1083.3 8.365
1143.3 8.843
1203.3 9.320
1263.3 9.558
1323.3 10.035
1383.3 10.513
1443.3 10.990
1503.3 11.467
1563.3 11.944
1623.3 12.183
1683.3 12.660
1743.3 13.137
1803.3 13.614
1863.3 14.092
1923.3 14.569
1983.3 14.807
2043.3 15.285
2103.3 15.762
2163.3 16.239
2223.3 16.716
2283.3 17.194
2343.3 17.432
2403.3 17.909
2463.3 18.386
2523.3 18.864
2583.3 19.102
2643.3 19.580
2703.3 20.057
2763.3 20.534
2823.3 21.011
2883.3 21.250
2943.3 21.727
3003.3 22.204
