3.3 1.93 0.00 0.00 1.93
63.3 1.93 0.00 0.00 1.93
123.3 2.93 76.07 42.42 121.42
183.3 3.88 76.07 498.32 578.27
243.3 4.90 81.80 1096.72 0.00
303.3 5.91 87.32 1116.05 0.00
363.3 7.96 92.99 1128.85 0.00
423.3 10.10 98.40 1161.54 0.00
483.3 13.31 104.09 1193.80 0.00
543.3 15.26 109.62 1243.91 0.00
603.3 18.31 115.02 1292.38 0.00
663.3 20.38 125.92 1332.94 0.00
723.3 23.40 131.47 1383.32 0.00
783.3 25.46 136.98 1426.67 0.00
843.3 27.55 142.54 1470.45 0.00
903.3 29.70 148.14 1505.40 0.00
963.3 31.91 154.01 1542.88 11.59
1023.3 33.96 160.05 1582.21 19.02
1083.3 36.15 166.07 1623.44 24.91
1143.3 38.30 172.07 1652.33 45.95
1203.3 40.51 177.91 1691.08 63.28
1263.3 41.63 183.98 1724.54 80.16
1323.3 43.73 189.91 1760.65 96.22
1383.3 46.02 195.84 1792.26 112.36
1443.3 48.41 201.98 1827.28 133.98
1503.3 50.45 207.96 1858.92 149.90
1563.3 52.49 207.96 1898.14 165.90
1623.3 53.51 213.41 1936.36 180.93
1683.3 55.64 219.04 1975.21 193.22
1743.3 57.98 225.27 2015.70 203.77
1803.3 60.29 231.40 2055.38 215.89
1863.3 62.49 237.46 2086.71 229.60
1923.3 64.50 243.13 2117.36 243.26
1983.3 65.54 248.86 2154.48 263.45
2043.3 67.85 254.54 2192.48 277.17
2103.3 69.96 260.65 2223.83 288.48
2163.3 72.41 266.91 2259.27 302.05
2223.3 74.69 272.88 2292.09 316.91
2283.3 77.20 272.88 2331.26 331.57
2343.3 78.24 278.99 2370.58 346.25
2403.3 80.67 285.62 2407.76 353.57
2463.3 83.11 292.07 2446.04 362.55
2523.3 85.38 298.57 2483.50 378.16
2583.3 86.44 304.85 2511.68 391.06
2643.3 88.69 311.20 2547.26 405.48
2703.3 90.95 317.44 2576.79 422.72
2763.3 93.39 323.79 2610.82 439.03
2823.3 95.75 323.79 2655.09 452.53
2883.3 97.09 329.56 2694.43 469.42
2943.3 99.49 335.86 2737.63 476.25
3003.3 102.18 342.15 2772.59 494.62