3.3 1.85 0.00 0.00 1.85
63.3 1.85 0.00 0.00 1.85
123.3 3.37 72.33 39.31 115.01
183.3 3.37 72.33 916.55 992.26
243.3 5.88 81.89 1203.78 0.00
303.3 9.63 93.02 1244.39 0.00
363.3 12.86 100.37 1298.02 0.00
423.3 17.02 108.82 1350.43 0.00
483.3 20.38 117.62 1399.55 0.00
543.3 23.01 126.47 1447.39 0.00
603.3 25.59 134.69 1499.63 0.00
663.3 28.34 143.04 1540.55 0.00
723.3 30.90 151.07 1586.51 0.00
783.3 33.57 159.35 1629.12 0.00
843.3 35.57 167.42 1667.13 1.73
903.3 38.32 171.60 1707.40 12.88
963.3 40.24 179.77 1750.48 22.07
1023.3 42.20 187.86 1786.29 33.66
1083.3 44.64 192.17 1823.22 44.65
1143.3 46.50 200.73 1862.90 53.07
1203.3 48.52 209.39 1899.84 67.02
1263.3 51.04 213.75 1934.03 79.58
1323.3 52.91 222.39 1975.01 89.88
1383.3 54.91 230.65 2009.94 102.91
1443.3 57.54 234.92 2052.03 111.97
1503.3 59.58 243.69 2085.48 126.30
1563.3 61.60 247.97 2123.36 143.83