3.3 0 0 0 0
63.3 0 0 0 0
123.3 0 0 0 0
183.3 0 0 0 0
243.3 0 78000 22000 0
303.3 0 198000 125000 0
363.3 0 276000 324000 0
423.3 0 382000 495000 0
483.3 0 511000 697000 0
543.3 0 625000 994000 0
603.3 0 715000 1220000 0
663.3 0 805000 1399000 0
723.3 0 892000 1592000 0
783.3 0 983000 1773000 0
843.3 0 1072000 1934000 12000
903.3 0 1118000 2090000 52000
963.3 0 1208000 2277000 109000
1023.3 0 1296000 2420000 198000
1083.3 0 1344000 2577000 274000
1143.3 0 1436000 2743000 340000
1203.3 0 1527000 2894000 493000
1263.3 0 1574000 3042000 693000
1323.3 0 1666000 3219000 865000
1383.3 0 1757000 3363000 1041000
1443.3 0 1803000 3535000 1191000
1503.3 0 1895000 3670000 1424000
1563.3 0 1941000 3835000 1701000
